1.500000000000000000e+01 2.062878057547584947e-03 1.576964677071366673e-04
2.500000000000000000e+01 1.995809945877801729e-03 1.700508242360735853e-04
3.500000000000000000e+01 1.994628363679985458e-03 1.818600295326546390e-04
6.000000000000000000e+01 2.035371862064336811e-03 2.050953145879663275e-04
1.050000000000000000e+02 2.087668935040060125e-03 2.269735771003755949e-04
1.750000000000000000e+02 2.121595048075450296e-03 2.278871964700370390e-04
2.900000000000000000e+02 2.130492390621461715e-03 2.267911489947516807e-04
4.800000000000000000e+02 2.128786356343206811e-03 2.257868919728388073e-04
8.000000000000000000e+02 2.137427869175143654e-03 2.276481376363485257e-04
1.325000000000000000e+03 2.148117243207125181e-03 2.253300558269727774e-04
2.185000000000000000e+03 2.156622792441463109e-03 2.234751830992467807e-04
3.605000000000000000e+03 2.146247755861065143e-03 2.293057098360087799e-04
5.955000000000000000e+03 2.180876307780593108e-03 2.354530749342791563e-04
9.830000000000000000e+03 2.138324396906300835e-03 2.775074339335416849e-04
1.622500000000000000e+04 2.151062369601236795e-03 3.484288018943874996e-04
2.678000000000000000e+04 2.133368831791723243e-03 3.832286342393009955e-04
4.420000000000000000e+04 2.099089661405352091e-03 4.990803063860130761e-04
7.295000000000000000e+04 2.175145468448116959e-03 7.026926734088353001e-04
1.203950000000000000e+05 2.198167017281344761e-03 8.595697046209553561e-04
1.987000000000000000e+05 1.978306412444193804e-03 9.345965191508042629e-04
3.279250000000000000e+05 1.792963365878465177e-03 1.080640897462214469e-03
5.411950000000000000e+05 1.490834074544585258e-03 1.239407610526256816e-03
8.931700000000000000e+05 1.579101003208256433e-03 1.699289150316462497e-03
1.474050000000000000e+06 1.181552773984283124e-03 1.617665456245815118e-03
2.432705000000000000e+06 2.343244946686496579e-04 8.224327098447239102e-04
